image_width: 1280
image_height: 720
camera_name: head_camera/left
camera_matrix:
  rows: 3
  cols: 3
  data: [729.660497, 0.000000, 676.305702, 0.000000, 681.424009, 359.350860, 0.000000, 0.000000, 1.000000]
distortion_model: plumb_bob
distortion_coefficients:
  rows: 1
  cols: 5
  data: [-0.164444, 0.020697, -0.000233, -0.002247, 0.000000]
rectification_matrix:
  rows: 3
  cols: 3
  data: [0.999752, -0.004338, 0.021855, 0.003981, 0.999859, 0.016341, -0.021923, -0.016250, 0.999628]
projection_matrix:
  rows: 3
  cols: 4
  data: [655.597353, 0.000000, 658.282013, 0.000000, 0.000000, 655.5973523, 343.896919, 0.000000, 0.000000, 0.000000, 1.000000, 0.000000]
