image_width: 672
image_height: 376
camera_name: head_camera/left
camera_matrix:
  rows: 3
  cols: 3
  data: [370.32543439778163, 0.0, 338.6821974578797, 0.0, 345.0371681550092, 193.91348072772996, 0.0, 0.0, 1.0]
distortion_model: plumb_bob
distortion_coefficients:
  rows: 1
  cols: 5
  data: [-0.17027723444777754, 0.028217311239820457, 0.004097675284725962, -0.003420329329915249, 0.0]
rectification_matrix:
  rows: 3
  cols: 3
  data: [0.996793049691718, -0.016619362784175428, 0.07827779293600444, 0.014968345520197424, 0.9996539527604258, 0.021631536303378485, -0.07861020747124386, -0.02039047599013717, 0.9966968765729246]
projection_matrix:
  rows: 3
  cols: 4
  data: [329.0379383809722, 0.0, 287.3856010437012, 0.0, 0.0, 329.0379383809722, 188.24732971191406, 0.0, 0.0, 0.0, 1.0, 0.0]
