image_width: 672
image_height: 376
camera_name: head_camera/right
camera_matrix:
  rows: 3
  cols: 3
  data: [362.5378561242249, 0.0, 330.94930354020516, 0.0, 337.4702570789286, 179.63542990001542, 0.0, 0.0, 1.0]
distortion_model: plumb_bob
distortion_coefficients:
  rows: 1
  cols: 5
  data: [-0.18214599870373963, 0.032910544513087885, -0.0006050197676660326, -0.0011583106492923417, 0.0]
rectification_matrix:
  rows: 3
  cols: 3
  data: [0.998273359006723, -0.009701359773853016, 0.05793258423350804, 0.01091793804088898, 0.9997256935840032, -0.020720429940497446, -0.05771567660843582, 0.021317157561973884, 0.9981054450643521]
projection_matrix:
  rows: 3
  cols: 4
  data: [329.0379383809722, 0.0, 287.3856010437012, -47.40986189009439, 0.0, 329.0379383809722, 188.24732971191406, 0.0, 0.0, 0.0, 1.0, 0.0]
