image_width: 1280
image_height: 720
camera_name: head_camera/right
camera_matrix:
  rows: 3
  cols: 3
  data: [731.7959218543336, 0.0, 653.6054660803, 0.0, 682.0709899078362, 338.4165087070845, 0.0, 0.0, 1.0]
distortion_model: plumb_bob
distortion_coefficients:
  rows: 1
  cols: 5
  data: [-0.16853140863324975, 0.02332941397693648, -0.0021063905644009566, -0.0017835489172776228, 0.0]
rectification_matrix:
  rows: 3
  cols: 3
  data: [0.9999529495070361, -0.004421632402608936, -0.008634114840288466, 0.004280338274181075, 0.9998577379080965, -0.016315104951026303, 0.008705025929752974, 0.016277380385081038, 0.9998296201910413]
projection_matrix:
  rows: 3
  cols: 4
  data: [655.597353, 0.0, 658.282013, -94.09562190970823, 0.0, 655.5973523, 343.896919, 0.0, 0.0, 0.0, 1.0, 0.0]
