Left:
('D = ', [-0.1644435822527659, 0.020696955222305632, -0.000232732353502923, -0.002247306159542337, 0.0])
('K = ', [729.660496715416, 0.0, 676.3057020414378, 0.0, 681.4240086016962, 359.35086039910146, 0.0, 0.0, 1.0])
('R = ', [0.9997517430532923, -0.004337624073269374, 0.021854914305545835, 0.003980868702046527, 0.9998585529824913, 0.01634095199601077, -0.02192270389985744, -0.016249893696817088, 0.9996275986629028])
('P = ', [655.5973528890892, 0.0, 658.2820129394531, 0.0, 0.0, 655.5973528890892, 343.8969192504883, 0.0, 0.0, 0.0, 1.0, 0.0])

Right:
('D = ', [-0.16853140863324975, 0.02332941397693648, -0.0021063905644009566, -0.0017835489172776228, 0.0])
('K = ', [731.7959218543336, 0.0, 653.6054660803, 0.0, 682.0709899078362, 338.4165087070845, 0.0, 0.0, 1.0])
('R = ', [0.9999529495070361, -0.004421632402608936, -0.008634114840288466, 0.004280338274181075, 0.9998577379080965, -0.016315104951026303, 0.008705025929752974, 0.016277380385081038, 0.9998296201910413])
('P = ', [655.5973528890892, 0.0, 658.2820129394531, -94.09562190970823, 0.0, 655.5973528890892, 343.8969192504883, 0.0, 0.0, 0.0, 1.0, 0.0])
('self.T ', [-0.14351979038608093, 0.0006346216148466223, 0.0012392246581785214])
('self.R ', [0.9995309059997114, -0.00019914289880671636, 0.030625614989777134, -0.0007970765167593364, 0.9994709846913686, 0.03251331156760843, -0.030615888365726675, -0.03252247072674221, 0.9990019801168593])
None
# oST version 5.0 parameters


[image]

width
1280

height
720

[narrow_stereo/left]

camera matrix
729.660497 0.000000 676.305702
0.000000 681.424009 359.350860
0.000000 0.000000 1.000000

distortion
-0.164444 0.020697 -0.000233 -0.002247 0.000000

rectification
0.999752 -0.004338 0.021855
0.003981 0.999859 0.016341
-0.021923 -0.016250 0.999628

projection
655.597353 0.000000 658.282013 0.000000
0.000000 655.597353 343.896919 0.000000
0.000000 0.000000 1.000000 0.000000

# oST version 5.0 parameters


[image]

width
1280

height
720

[narrow_stereo/right]

camera matrix
731.795922 0.000000 653.605466
0.000000 682.070990 338.416509
0.000000 0.000000 1.000000

distortion
-0.168531 0.023329 -0.002106 -0.001784 0.000000

rectification
0.999953 -0.004422 -0.008634
0.004280 0.999858 -0.016315
0.008705 0.016277 0.999830

projection
655.597353 0.000000 658.282013 -94.095622
0.000000 655.597353 343.896919 0.000000
0.000000 0.000000 1.000000 0.000000
