
Left:
('D = ', [-0.17027723444777754, 0.028217311239820457, 0.004097675284725962, -0.003420329329915249, 0.0])
('K = ', [370.32543439778163, 0.0, 338.6821974578797, 0.0, 345.0371681550092, 193.91348072772996, 0.0, 0.0, 1.0])
('R = ', [0.996793049691718, -0.016619362784175428, 0.07827779293600444, 0.014968345520197424, 0.9996539527604258, 0.021631536303378485, -0.07861020747124386, -0.02039047599013717, 0.9966968765729246])
('P = ', [329.0379383809722, 0.0, 287.3856010437012, 0.0, 0.0, 329.0379383809722, 188.24732971191406, 0.0, 0.0, 0.0, 1.0, 0.0])

Right:
('D = ', [-0.18214599870373963, 0.032910544513087885, -0.0006050197676660326, -0.0011583106492923417, 0.0])
('K = ', [362.5378561242249, 0.0, 330.94930354020516, 0.0, 337.4702570789286, 179.63542990001542, 0.0, 0.0, 1.0])
('R = ', [0.998273359006723, -0.009701359773853016, 0.05793258423350804, 0.01091793804088898, 0.9997256935840032, -0.020720429940497446, -0.05771567660843582, 0.021317157561973884, 0.9981054450643521])
('P = ', [329.0379383809722, 0.0, 287.3856010437012, -47.40986189009439, 0.0, 329.0379383809722, 188.24732971191406, 0.0, 0.0, 0.0, 1.0, 0.0])
('self.T ', [-0.14383752314990272, 0.0013978331170187534, -0.008347292202721162])
('self.R ', [0.9997724107318033, -0.00449965707440336, 0.02085377245802697, 0.003618245433204977, 0.9991063046955431, 0.042112945962040675, -0.021024629354723087, -0.04202790744052621, 0.9988951996864671])
None
# oST version 5.0 parameters


[image]

width
672

height
376

[narrow_stereo/left]

camera matrix
370.325434 0.000000 338.682197
0.000000 345.037168 193.913481
0.000000 0.000000 1.000000

distortion
-0.170277 0.028217 0.004098 -0.003420 0.000000

rectification
0.996793 -0.016619 0.078278
0.014968 0.999654 0.021632
-0.078610 -0.020390 0.996697

projection
329.037938 0.000000 287.385601 0.000000
0.000000 329.037938 188.247330 0.000000
0.000000 0.000000 1.000000 0.000000

# oST version 5.0 parameters


[image]

width
672

height
376

[narrow_stereo/right]

camera matrix
362.537856 0.000000 330.949304
0.000000 337.470257 179.635430
0.000000 0.000000 1.000000

distortion
-0.182146 0.032911 -0.000605 -0.001158 0.000000

rectification
0.998273 -0.009701 0.057933
0.010918 0.999726 -0.020720
-0.057716 0.021317 0.998105

projection
329.037938 0.000000 287.385601 -47.409862
0.000000 329.037938 188.247330 0.000000
0.000000 0.000000 1.000000 0.000000
